%YAML:1.0
---
camera_matrix: !!opencv-matrix
   rows: 3
   cols: 3
   dt: d
   data: [ 3.7750737192034046e+02, 0., 3.0874610902067070e+02, 0.,
       3.7729345536233978e+02, 2.4318906045604359e+02, 0., 0., 1. ]
dist_coeff: !!opencv-matrix
   rows: 1
   cols: 5
   dt: d
   data: [ 1.0889929082807198e-01, -1.6581394220193083e-01,
       -2.2487078621862698e-03, -2.9039877891507706e-03,
       1.2726052113958150e-01 ]
